$ANSIBLE_VAULT;1.1;AES256
38376135323033323161353637663834643366373831316538343831633236623237623164636162
6364323731396661396365303965356665613162663461350a373361623931626336306232376236
62303134383737396331653163626565666337313434386563663439326432353864393236316633
6336616364616366640a656334306363616139396531663762623261646533353930626133306135
63366139663661333363313265363533336533653131623735383932626462303365633935363533
62316136336165663130363638373535633532346338616134313362643239366366653461383564
34316432633033663165303736626339333233613165383664363731643764626439636534303934
66336666346538643266333633346538363630623165643635343565633463323062336130663962
33653234323032343565316338363934326437346331653064326238353666653431663066313166
34383136363866353563333838353134313566393465353230356233353335383739396636316566
35313535663334356539623764623633386139313731633862373736323365666663383737623466
35626535646364306632633964623237346566636135346462623539373061393461646635323834
36356363383165656263353134656566346231386635373236633430303739633634653663303337
32653539656233313063643536316265376238336433346234613233646463323532323964643064
65636337663938393737383436346138633138333430353439383733303566653364356161353133
65643530613838303534326130343963363434386563336636646564366537653463626533616636
65333761346365366230656364643135643262306238636437613936343166316362303332316439
63303164643361383530366331343331626531613563333061306465346535626166646235366565
66306430373863636263366632393933346335623864626665643830363064636637363966373830
64646263633337346430643566323637306638616231313830336431656166323937343334323364
31616663366364396330663038333031373133393536333735656536393332343236653233393237
65643064653265626538386165336366333538636364316330653830373061373765363365366366
39636461343637623133393066333931316139316133316233326231663931373039333433393663
63663737656136316562653962613430643332353563656533613262333861386565396364383166
66316465393866643061323461663137663536383264616334363236316361363830323266373064
30323031643333323463333833393465303663646663383961323761353033383038636637363064
37626566643839323466303039363161376235313631366234303061353231636566303434353931
36653436313532653733313561366365363233663265646639363537386233326535613838623235
64376630303763386439353338613333303330376239383635313534323262623762623339356362
65663161336164613165646162376335613336393364633664346430353331323538613831623537
38366131643831393332373535383831653335313663323734313336316263663539323139363962
33616530306364613032383736376138386332376132653938616235623034333837663133623465
66373261386638353565613531653231393835336338376337633530353265326530383133363262
30313639333733363763613763653839616465313233356532383739383961633639326230336663
66393064396432353761613865336261363737303866656565383034623930653064353031323461
65386430316130353731303864333336353461313963636564386633306234366564666365343633
30373766346464363337663066633839373830376165663034386536653330343732333439646530
31643037333566313830346338343435356239313437343537646666366630646462633065353630
33343338343663643434343731613930653530333564343465353934333966383261633831393637
61623234643530306561666638663339613565336165393238363134663363323138626562653033
31346565643436306235386534643164393630306561303035303930303039633238366263656530
62653161326161653136663633613064653830636637393965313536656335333866383233636163
65643263373033373362633661343836653564356230666563386334353632313036626662616666
30393238343231306635636139393234613133356231643961666339363630356231653938366238
30313261383036303061633333393938356237346537343631646164343535376232393032636539
64366235613237396363646436353265316564653833333961366636383861613839323063643464
66653065326134323561366238613162356364373363393839336563303831366635373961373034
31646634663765323764303335393138333138343433626139306134303365653561313931353434
37333639643333316638313737636366653731633134623732623834383862633232376532373536
30356236633034363139313265306331376232383338623761346231633632383336386664363064
65343139376631326262366365623633616666326262393364373439396231323362303231376539
31303331393361366236383863366635636261643164336635616163363135613636386337343831
38646530326639353230643033323637616536646537616138363634353031343037313239323830
38383331336638336635613334316134303262656164313334613462353532613732303335356364
38326662346563303065613432386431356163373861336262613335386561613565316638393961
62626537666362333036613236353032616436633264616437656265633230316566333235373733
63376230333631373161616532363861383939393065363466623130656532376234386335326161
36356635303034633061383437616332616631336134623163306266646262333234616233666439
35323834613862663037663837333238333166613430353236393431643461656531336535613661
32616232663835333163383931343339336532316666656139656431386464656338613134633364
38663838616464386633653662666163333231346233363339623161363433653163306463643533
32323362396434356335643332373935613532393830616564353438636661633237636163343462
32396134363864303761336531626261323563376565303932396330663933393861633232303164
37313238653862343238363130396438663230616265363264323662316666646532383738316365
39313533623165613232323237386238323966396462616364393463353766343138653838666636
65376335343163376230383531383134623530313136363362613833656338613230353932303338
37373137373764626465613964306466653139656462626436326430633766313666643730613532
36303437383666646363363736616531663161303737363932623263363638616633353432323932
63666561376231306436663366313835313136343537636332336236356532333833303063623034
33373863623764613538663563333532316662353663353333636335623639333231656430616236
62323965626233623734353739373461326634313536363866636463376132306536396666343862
38616263656563363034663233376433643038393664376364303636323563363838666462643634
39376665613734303961626130336532386238613763356334643361363431393338636538616561
35306563663737313662623762343230343962363134623331316463363739653235636234623633
62666133313465613063336461386136306532613663376266313161666238386633313634383665
36373836646164666162316530643033656663616466613034613736386664636530396231656130
64303063653165653966393032346465353533383438363033366534363263643130376338353232
35313635333461626562356438313962373538356430663036393839643132313439313066656239
61393838396539336333326631356631303265613663363463613432316136393462303364626163
37373963346462353065666533633233326132646566343766396338396661346339366334633634
62343633363463663264663434383266383365643862363466376432346265653231303130323530
32303033626137326534316436353161626235643133363935613634333231373437646439303037
39316530336266396338393264363635636230656633653434383465613232356438396435393466
64336132313265613036613431306236343962363530353462613734323761306462613335646238
65383030643833316166383136613632356164623030353463623239396532623831303730353635
35326330343165653335383561373339653534626135356230613638656366346535653565396161
66333666623534396463353366623336386331653066373861616631626139623738633663653138
66336133613362656666323239373838656365616264613062643939383832626665646338373430
65323932646233323339376334353332633061326136653832326664303462363066636665633533
33303264353539613933386336616262303731373033313862653462336330366231656530643032
39373234616637623136316132653238386635643463626333613932623262346436323231363263
30666235396261386230333939663033643630333935666366313462376239353833353566303565
31666538623333633766363666363436663738383637323137396338323061383166663234356632
33633133363032376664303165353231353533306630393936363739663061656531366633303037
63646463363166326638303939303037623834393438376632333532313764363763396135313636
38646133353235653163313262343739363136373931393133336237316433303430343033303137
62303561633434656230336464653234633430616436663534336435633030353864363039333933
61646566633531343963313631303431663566393935386561646236326164353330313664653834
62633933306431336566396234356331393535626132353561356632613862656331393231653831
31316662623232376130383162616165353339613136636464383764626431653063633566316532
39346530343538343435643334376637663436646264373839306161626164393935653833366565
39373537633534613930363534393130613939376234366266316462336635323961366637303061
63323761306261663633613663346139383631323631393737623438303534666165356566656565
65353662646264393639363034616538666235306337366139643131333062303132303763626234
39323434663736383536363433366533636233326239373561636635366163386165393865376235
35623666363630313761366266663461353064396137336633303165653736316161386363383936
36353461346331663731626464343838313837343031303362636366353333363637386130343035
38663030316434393531616539306535613930393838653462646166336634623966383332623035
62306361613032636462336236376436306436663939306233643932613730396138616365383866
33393563633533343631616139626131373234383039376138663437376236356366363839333137
36643830613564323934346564313764623864316436663730333963616161366130363236613034
31636435386466313638653236303063623835356133356437383965616661336434383932373834
34323136353165663262623839343137393762346434633735333536333435303365613830343730
34646132653232373234616237653666356431666333393232393538316632373731316666366662
66623539363338316566303635343937346538613537353530633862356162356265343462303339
37376665303037373464336632626439393465356466313166613231373231386435666664653264
62393231643536666538353233313939613838396332336430326361613531333866346336323339
33373335346663323438633739666633306165626336343630306439316235623835393435323035
66366662393838346139346463366466366161636334653439636134323234633865383539303438
32653636373430303239616262663532633863613166316163623536623435336535663739326137
63326435623231336261646137323235383162663732366366656537323232313333373531623966
63336266343262623539343731656635643632323465376632623063616237323962313437343863
62373834393639323838353333643163643535646164656138333966363464376661616330386637
38346561336535316631633730383435343436613062623937313133313437616464363562316534
31336535376538636665363132323465393861633966396531653562393565663063336131663336
32623565643437313034613162376466353831333734343831373332316465623662666665663134
39663738663033323030343332323730393861656564613436326236346637333332316163313036
37313839333535373633326237306333666232303739646236363333346230646235646661653039
32313537623135326333643435646432363538626561383834383233306230353835643965663237
31386530613564326437646533633132353637303535383636393637393965373338633033323538
32363033313561343761383130363636636534653133383931626631343535663738623339636438
36376639616531336462646633386165343833666563326336393335303838646531373633353031
65313138623834333334356336363332616339313565623264363765376435326532396433663232
34653732643461333332336163333532373738653631323465353433636339343430616362633032
36613464633536663835653361643136653338643232343165303230643462313134356339336536
35616166353530326562363331383836313231656337626630626337393939306130663738343435
62663334613032643337303162646566336461653931363535363061396435326162306136366630
63306662313434643566323261663433623331616662646633666533316461306532353663666432
31623736383864353734653633346233623631313264313233643139383432653465613333386266
62663039363362663737346634646363386130646465666631653865643761373634333865653736
34666136666132343964386437633361643234656262636539656534646462333539333132613130
62663333663335643130316231346639396162356465653232353931386461313939653038343736
32663862613866336461656264333430313262623138333730633738346464383465303630613037
37373833306436373665666437356364613536653963373731323064323366663935303936396166
66636130363062636465313735323835356334306135373034346566326433313536383838363361
30343664313365623361666137336530313136623837343937376266626163303935373933376138
66333966626334363631646165333364623861356364633632663361376535653563633866386165
63633265353638353232643137386638356433626465356166373338386530643664653665363230
33663663643233623766306437643037386431316535626435313737363665613162636130376639
30646166336139303734326133396461346230363531343661636139343263373665326266393033
61616635333362646137656631613333386466383936613430303439313639323835336465643639
66316432303862383865653138343530396137383533663838346138643330393863306361326634
30393032353439323239633732643335343937653463613261373633663766303936613631343134
61386334616262633165353333383337356366646538643034396337656133303863646239333935
33303633333663363138366238646432613930613135316233623733353163316436336331666633
38343066616262336662396365353961663635323462646662383064353863663635393130366565
34666232386430663131333264653363336537316434313065386633623132623231313132353766
65393361363863323735663738313561623039396130396636313138326136303835333030383039
63376332333539303439373663373239373363623862326635636138376438663739623439626437
36376166343238363664643063313539666562613737303632353537366337636430303134356539
31613739616138333936333539623030656532653233623631323034306539313636323364643037
32363162666133306565343964373538353264373239343032366138376338643666373034613737
35653963303432313661643732646336663933613837633762663165313134316238633134366239
66356532393365326638303664326163636639366332633030613439393562383831383930616630
39383161303135376466663534653738643766313739323062303530663939636433613362326661
37653962386533343061353065376666316266396236346630343031653462353430356638336435
38613630643632313736356232336436633337376462633363653937393933306163393766316563
35663934333130336137656436356461306531393363303364326533616266336263313836343066
63316435336239393233323334323135376334323235613938366434336333313431626362383036
35653533666133313361623933343135363830373831356262346662383030636133306332616561
66363533616132323863616266633266623139303663353239393830613461613832313332356237
36323231396130393661636465333462326264346432653763343431356464646566363561346630
32376166393036636161636331333934363738653530373263313162343634373866663737373639
64313830623261613533343037653262383663386139663633653962666663313533623032663437
32353139613234343630353332383234346665646637636138623533383065623663383831343833
36616137383833623934383539643935623932633530623862363630366337373838333763313433
31666531643165306663656136626334373539393066323131653531376337366463313262313038
38333231326563623633663331373531623663366433343936626231643035363564666266376236
30623631633738353937626338613830383230323132343266613939343864626138393365343530
65303266383464313261636232383332643266306539313266393162663930623265666463313261
38366436346135643866623632313036316235363833343863356337643236343130383032353462
32666338616533613835633036643039656637376332386237383732626563386538326638613630
30643861333534613638336639386463363138333035353462343938343739316539353432323837
31393236646336383732663664353861363562633037313034643435376332353531613066376563
39613765616162373864653339316532623730366566396565616536333161653363623939663139
39306166373666396238363631666661646636363765623538336538323936636162656537653965
61333862643463613335353565623061636234353632393864393738663431643736636463663963
32613534306461613935336161613731653838343264333333363231643564336438353636333834
30383363313835656630343965323365303933613031363838316236316366303732393239643666
35306561396466653433326232333234333962343937383133656361366362303961356536303938
31356336343965376638653462326538363062316466383035373433323162313338343339366463
35353761346431623239636664613061373432316139316562356535643863613565373963653863
33326335376362353734366166383438356466663738303438363130313261643135373965363261
32616265666662346433356436386131366231343334346337616635636565653364636130313662
66396432643765366562323061336536633463373830383462663131626135333131636332656432
33313234363732663539613836356663323735343962373538616634666635666232653131653263
66336661366333623164646465633936643866343130663733633438393138663239646238666663
65653463323861386335666334623737356637643932396264323933346631616634656461663962
34633833343938393364663935356665613132386239643739623662656231303563656536646164
66353362346233626333373761306230666133643636666432336339656631376166316634626364
37303462383761333363313233633535383338353462626534383965376539343663633438393433
61356661333564376561613531376161343433393036666532636538306661643134663234656536
39376261653539313333386239316630633833313064376238323736316637626637656166393339
38633435616230623435663132646464623762383363396138373034633963346635303930363636
38333332656132633532386530306338336636343262633939333438326234383636393066643139
65373866336637613531386132383935613639393964383532633335656431633866666564396565
30313030333435626238336234363730336561373438633832323534613366623866386630336362
38343034383135303761613162613133336563353262663638623831366434383936636531303066
66353937656437626665666332376533313665626662333162373833306330333161353564623831
66653362393266323432363336373766616165323838323834353062353035396431343533646236
38653263363239653235373365366563663266616233396461393431376635643565373439653434
62316236363865313237313836373637396337653130383930363938316437666132376538623964
62343362663464623337386634663163336632333561313738663431323236343432613465653932
33306232393364373832323939653037363736626637653265653737356432663363316164613833
39393661656534643730393061646563396165636239353565656331313530306464623565643539
35333063653136393536373030343930383162313438366535613532663031396234323639393135
39393033346630323763616439636364313364323333396332343564303437313031343230616239
36653835663163663830343861663862646637336534646362376364336139633863333330646233
32323563313637366164643337623337313064636465663730333138623638353165316533326464
62393362306231386531346633336338616232633837353035623033333632383239356335396438
30343932653034363635613136373561333233663535373132353539336131616665343966653134
32303163383936333030396231663432666564646231643030383665656639666465343166376236
61343738323662396239343038656633623832333962386436616431333035356237663738643166
61313437373662643038303261633330346532653831363830653534356535323437363234633864
36353161646232386534396436363365386661303461633633326133633163363736633635646237
34623163663835643437313238646130643532643133313339336462356234633865636432346561
37323361626435613236346562643732653431613538353233316639636335653966663838383261
39626331326464643731306566626266326631666232313562303131323631326535396561633239
37373238343461356634646661353733333130306638633062333739653838383732306436653437
39653035326363323933376436323334366163366265373638373062353133663665353863626234
33623561363737373666336666666263333961396438376537353336393037633835626264633037
61663537383338643538356565643064396533666664633434323236393837643335393437376139
33313337303662663265366634653533356361373334386432653232356662636436353538303236
32386438376131366364346437656137666139323865663538353433663163383737616233396433
62653239636236386636663232313065356434643432626263326563353634336263383866646236
35616564653136326236393633323535613561353539353135613065353539363439373137343635
63316564333130353331656563383964323735353433623234636164303634326334333633626263
38636230623461306535343262353235313934363230663063376538373761666364383237366631
63326134303332343562353937653262396366336364653264333331396565613461653366386138
61353434663461366566636432643466386466393739353066393865376536346262303866333332
33313932306463313938313261343531363337393736643039313966373263333236306135643866
61643066663631316665383534613436633132633263643932363337666463363431366661323136
33626166663466313661366166646435376539633965613638663830626265353337646130666463
33353438316439623839653565326463663631616434623735616366623162376364303261626435
33303466636532666264343733333331623831636533613863633538306533363630346264303336
33373961623666623237666266386530333036373931623831373131653234356638306461363231
34613066333465636265653734306661386261613532616465376331373037613432616265353566
66656264626530313165623965366666616161326461393664353630643230336634353365363562
38653336356538616438366139373065666634343139316233623061643562326564316336333738
36396565316338323762343637306232393563393738323366326434363732646562373334363464
38366430373533376633353237623033343537313334333864373463356664626534663638313936
63333561666164613962383436643861663833363335636330393362643762346664663530316462
61656434633766303463636164366533316262393034643438306439623436316463623337363065
35336135346233613333363662656234366561666430666665396565633966633038333033323637
62383336313761636630366563623333653636336139636266316264653931373531353538313265
61323163356638353364353466626634666130316334633234313130653265626362653636643665
66353863616434616636626463343763653639643437363661633834393932646537636531313438
35633231303163636135353961333238363537393339373633383233303634333730323635373639
63353834653439373137666266613439663130346639316565393464316465633031323536616361
34383561333335306464613137373664353066366430363866383731633035343131366633316136
39316337323338323166653933316635353132663333396365333739336337363763336163346362
36386437626235346564343832613763626437356563383930666562373739356162623735386333
36613364306530353763373061343866383734373632623665383735323539373339646164663138
63626366396138653337613866623138646134376632623766393762656130343262396661373634
30356661653839386239646637363865656230346537316436346662656233363130313235626165
6230623162623231323337353338353639346363636134336434
